,vm3,dl2v,va2,va4,dp1m,dm1,dm2,dm3,dm4,vm2,d,da1,da2,da3,da4l,da4m,dc1,dc2,dc3,dc4,dl1,dl2d,dl3,dl4,dl5,dm5,dm6,dp1l,v,va1d,va1v,va3,va5,va6,va7l,va7m,vc1,vc2,vc3l,vc3m,vc4,vc5,vl1,vl2a,vl2p,vm1,vm4,vm5d,vm5v,vm7d,vm7v
vm3,-0.15361302155593054,-0.6424192597237924,0.15349458853953465,1.2888114085795883,0.320997642647507,0.31981609254627086,-0.7482208452456803,1.3678783541171142,-0.5005007512521914,1.9320182508275388,0.38696978374470853,0.010370074493179244,-0.1879082303983461,-0.24828176658071227,-0.40697150027501944,-0.4572806689009701,-1.2524564171191248,-0.8718744099200432,-0.10262937631601542,-0.7402885539705786,-1.1316288298888786,0.6380104335941733,-0.6918590948290108,-0.4596146701546237,-0.8569869005079055,-0.8734166796267645,1.6800578808678945,-0.7970138171797937,0.0,0.35890328001332306,0.74722038417348,0.7845915825380132,-0.8707017542205828,0.05771992313008899,-0.6425956214439861,-0.7824549410347431,-0.6833153564820583,-0.5700692492430961,1.081931159255457,-0.7808305968715229,-0.7979037118567783,-0.6726915834767461,-0.41424679377734286,-0.6995733220619933,-0.775427151039923,-0.5994973287539505,0.6972453170441997,0.19936641290812665,-0.8469878672549276,-0.7157070552725724,-0.65007039900716
dl2v,-0.6424192597237924,-0.0707670776075121,-0.9930437363676129,-0.5528251553045559,-0.5672287665927943,-0.9073920465121265,0.47306609026740776,-0.5466316630505967,-0.5175218286277233,-0.7798062089597202,1.473675726485261,0.8872666641335254,-0.1728181628323158,2.8931004278099453,-0.4611362208023202,1.8649977780174969,-1.2696658540743126,1.4126021695514708,-0.08149845750118834,0.5086427714588153,-0.24668454298140458,1.9620551785725457,-0.6332698189295147,-0.491488182565623,-0.8405203121152017,0.2997429343419666,-0.8497459111262783,1.68937260680961,0.0,0.1966481674406094,0.6548654573495793,-0.19711713131212769,1.2013494889267453,-1.0036187614148329,2.2246360251624084,-0.8393964046657693,-0.656973305219456,-0.6181773420358173,-0.9719010809698799,-0.7528411358800399,2.8115089879975246,0.7421303695356322,-0.4482582576155335,-0.7125027488585001,-0.8101457721828531,-0.609797350161018,0.5086832560663672,2.36018308591284,-0.8540284928716609,-0.7567574388067136,-0.7101305967245773
va2,0.15349458853953465,-0.9930437363676129,0.04446644110478422,3.0800911550284624,1.804506469649975,1.1044061308752329,-1.1820026182143755,-0.7785933248303745,1.9342312944561182,2.2102555600127736,1.1305731281917801,0.3638078591644893,-0.3206701227966127,-0.4127396662482428,-0.6342313000379586,-0.6062758153585588,0.24955480232602648,-0.5164898808566317,-0.9292557966886423,-0.30768051760527215,-1.0737266217207648,-0.2079620273742796,-0.9376704091987464,-0.727070286942705,0.29533939740632775,2.5814449076399772,-0.34481032409948253,-0.28245192724054974,0.0,0.983020426759914,-1.1151464627421563,-0.39133033859853916,-0.565165497175282,1.4589062378914501,1.134196843879377,0.4954405261150929,1.0650050556115234,0.3106400000967131,0.5795572418427426,-0.2729442568277324,-1.2252959705149322,-0.029114367507919677,-0.6159734103013859,-0.14514140238439646,0.46700493207300864,0.21810329078017587,-0.21850711221876856,0.1524604065033496,-0.46592517016786256,-1.1719984587325925,0.16044832238609844
va4,1.2888114085795883,-0.5528251553045559,3.0800911550284624,-0.07217019264945462,-0.1772263504050912,-0.7299918777620429,-0.716558862395098,-0.4698495224002539,4.216736677692116,0.7712867300945204,-0.771844984987958,0.1760462730000323,-0.17586311452816292,-0.2414062583671086,-0.38458297184080065,-0.3987613330135157,-1.0723165176135134,-0.7703443846657662,0.18645239521489973,-0.659895564769883,-0.9901863756188589,-0.6553529534397647,-0.5316606678455208,1.8420763255524597,-0.7384755858712005,-0.7607511662486741,-0.712817350349439,-0.7227797629977155,0.0,-0.7748735852663698,-0.6031940040452504,-0.9402067134267892,-0.7568563192111751,-0.8856399375803001,-0.6032970675626389,0.7415973777268413,-0.5838919393788483,1.4135172951635673,0.3299245750159845,0.8387080909376523,2.072242423828211,2.819584123761583,2.294445739054147,-0.6029658279103385,0.7495816497025823,-0.5547568937237789,-0.640880341869692,-0.8308106434267248,-0.718975208558283,-0.6627131411800218,-0.576571148858819
dp1m,0.320997642647507,-0.5672287665927943,1.804506469649975,-0.1772263504050912,0.3412197920890846,1.1367118294755236,-0.9246206686306497,0.7047390563264856,2.0558748297318985,-1.675846249491529,0.08125372593514106,0.2747185717464799,-0.3517325026560076,-0.5422436830818914,0.28543505184456486,0.29621739072356457,-0.6035128994964531,-1.8163675231402614,-1.2252682387788574,0.3800981370144254,-0.4695761257804437,-1.538982225373522,1.0594498826392575,-0.975935964652117,-0.03377187965647788,2.867516609600863,0.25894291927715496,0.9550906926656944,0.0,-0.640606484928122,0.5336106300644888,0.6012087679708048,0.36841536350636983,-0.9017287171354883,0.15983513879453348,-1.0122280714653638,0.9351086832963452,-1.2045961604529278,-0.5376843843567226,3.630599898035,0.14544540418870294,0.7472952503075039,0.2912767357083755,-0.766560379087586,2.2268624315391996,1.0968440027241,-0.8403877740814014,-0.7205684537124093,-1.095788153303859,-0.2709903774440503,-1.3048637105136005
dm1,0.31981609254627086,-0.9073920465121265,1.1044061308752329,-0.7299918777620429,1.1367118294755236,-0.02862693800094589,-0.11326095012155082,0.603545034980748,0.6864579944211593,0.7826936370292398,-1.1693794327569602,-0.7465382784463059,3.792838475262506,-0.37194774169639977,-0.6039682632776612,-0.6008714654859626,-1.825174714652846,-0.4041593258616738,-1.4978260797423066,0.8079704714398639,-0.8912110120640391,0.0460723133680475,-0.8239474928217114,-0.670026261140923,-1.1731999204119987,3.898780756763867,1.629695010624997,1.7690868771475705,0.0,-1.1502544743705352,-1.0067691944321993,-0.8329042881362952,0.3797218816655133,-1.372931945794658,-0.9072796147614943,-0.13543848701702002,0.22297589491871986,0.466581657081073,0.9331589411325666,-0.10466673713544077,-1.1281814997215658,-0.9731860284536096,-0.5736227758518117,-0.99723649684698,-1.107537097526497,2.789952578931652,-1.0115790603686527,-0.4315435715663912,0.6821074152316879,1.9318272453869165,1.3747334111160332
dm2,-0.7482208452456803,0.47306609026740776,-1.1820026182143755,-0.716558862395098,-0.9246206686306497,-0.11326095012155082,-0.06407785110172962,0.8166096801905542,-0.6349658390128132,1.0832804533975184,-1.042384092895794,-1.2584991387066229,-0.2441365376313497,-0.34813929518883163,-0.5137003722246354,-0.5614600251070654,0.28798413108329945,-1.0744229089447361,-1.3433391611682033,0.0743482399455144,-0.6427267688727609,-0.8908552737116071,-0.7842178385412678,-0.5773502691896228,-0.118383287895588,-0.07078140853192524,2.1152974590734734,2.1406796795097986,0.0,1.7188045914967462,-0.9095685443342403,0.16275763756729036,-1.0792445484905377,-1.1942929927581123,-0.7849674906818266,-0.9916050476808244,1.6968453259573995,0.7429885842767767,0.45395416187769344,0.1340841428672062,-1.0217424611902814,0.33535231839069685,-0.5265072996873683,-0.918503700767792,-0.9546935186272737,-0.6982138427794443,-0.9319506109939815,0.7326614803111264,-0.08115012777534389,0.12038066696874229,2.940636953279637
dm3,1.3678783541171142,-0.5466316630505967,-0.7785933248303745,-0.4698495224002539,0.7047390563264856,0.603545034980748,0.8166096801905542,-0.05391937173621597,-0.46366524394412034,-0.7088411724860683,-0.7451540023648068,-0.9098508803567819,5.175033004142179,-0.23182057667122258,-0.36600001973090135,-0.3744770285222047,0.6781806558899761,-0.7789043068258817,-0.9370623798203954,0.8221786020271339,0.0655281095570376,-0.6711933820990276,-0.5570896193442619,-0.42260800072725957,1.869612059270066,0.6860138008172038,-0.6863262101726119,0.8400420031502588,0.0,0.5368633310735856,-0.6265762898082249,-0.9520486399784253,-0.7684191401727495,0.3154077270690135,-0.5886719404433531,-0.7058584479756136,-0.5846096078976971,-0.5199710497945352,2.6403086916505982,-0.6181201190106183,-0.7026105323120019,-0.5968452660680008,-0.3784183671784369,-0.6465597743231217,0.7785704667091554,-0.5182076874999604,-0.6322995185939057,-0.7852359221210534,-0.7213033718652224,-0.6664589186718552,-0.5545921144050343
dm4,-0.5005007512521914,-0.5175218286277233,1.9342312944561182,4.216736677692116,2.0558748297318985,0.6864579944211593,-0.6349658390128132,-0.46366524394412034,-0.01767155840683457,-0.6615149731699957,-0.6582853175939367,0.3765399458842708,-0.13150664608837004,-0.24356115022372857,2.4807531490243333,-0.35826272709044155,-1.0575687304564492,0.7722249715085996,1.3149885789914906,-0.6078071500616046,-0.8766812333116469,-0.5990532341913642,-0.533829648169009,-0.4020151261036866,-0.6920136758044245,0.7705701218651095,0.9346576843857043,-0.6602625365610341,0.0,-0.7198761258325556,1.1177732367946858,-0.846050467925474,0.6550402173591335,-0.7751631220801751,-0.5137003722246356,0.9849073589979956,-0.536816575908941,1.6901017679930288,0.45238904664524887,-0.6228787089449845,2.269889902397857,-0.5713163158931993,-0.3377278397054534,-0.5812126852771728,1.01992436746339,-0.489013036830962,-0.6410750824092671,-0.7285297345143564,-0.6667581349619033,-0.6370684777058435,-0.5453625709921374
vm2,1.9320182508275388,-0.7798062089597202,2.2102555600127736,0.7712867300945204,-1.675846249491529,0.7826936370292398,1.0832804533975184,-0.7088411724860683,-0.6615149731699957,-0.3129330638884649,-1.0758977547173139,0.24583792787363484,-0.22524545469421003,-0.3520911251045052,-0.48538830509646186,-0.5555417637755704,0.2066966176166433,-0.26019710346117864,-0.6245758086466521,-0.9694347838369554,-0.02037329324967905,1.2459596546279061,-0.8074924227018467,1.0854323941717485,-1.0949125506745023,0.7813251728865251,1.045784092015765,0.03038062307178578,0.0,0.673102821246754,-0.8963200880642481,0.08099573953422463,0.6800152731320488,-0.40208521387212853,-0.856660413756566,-0.04158138668752169,-0.8493956383494384,0.6316761657092361,-1.2372149414537914,2.2133125767503574,-1.0318181828437887,2.4677984238449437,-0.5508288554160755,-0.9097282058778609,-1.0475669544972734,-0.7541088762574015,0.14450491525772557,1.4775422306805717,0.9318208297701547,-0.9816641186882153,0.36787825892445997
d,0.38696978374470853,1.473675726485261,1.1305731281917801,-0.771844984987958,0.08125372593514106,-1.1693794327569602,-1.042384092895794,-0.7451540023648068,-0.6582853175939367,-1.0758977547173139,-0.03481043062737639,2.2137631640032485,-0.22959455978739257,-0.3547197585897323,1.1096115976276852,1.3184178509834736,0.6574453477662776,0.5251991374960924,-0.026370099765029253,-1.0555117200209094,0.5362622510139552,-0.9943431934058066,-0.8412340056653579,-0.636130884607317,2.258972316237506,0.6089293551276432,-1.01177979653149,-0.13359205795316678,0.0,-0.2830785504119947,0.0825198279994154,0.5918661571516437,-0.3247033153367163,0.25319588317175273,3.5075343779558312,1.784241315280188,-0.9068282825186771,-0.7797000960650573,-0.5865669085413677,1.0294420318737223,-0.1604142664056117,1.2068834017399617,-0.5829477620189946,-0.9666403489023041,2.817192692092091,-0.8474244933666533,4.073819136055277,0.4511900716031385,-1.1225681128543914,-0.9888289124848488,0.26819700030474003
da1,0.010370074493179244,0.8872666641335254,0.3638078591644893,0.1760462730000323,0.2747185717464799,-0.7465382784463059,-1.2584991387066229,-0.9098508803567819,0.3765399458842708,0.24583792787363484,2.2137631640032485,0.06969963735953402,-0.3232058579101167,-0.4799490693316813,0.6959157406395301,0.7745966692414898,-0.7873010477179911,-0.816826657265872,-0.023169688770875822,0.23376267737749037,-0.2553055299086943,-0.4643645463820283,-0.9843553716938482,-0.8038438112476316,-1.4662916821345788,-0.7541384834484794,-1.3124099697981557,-0.5754883729426684,0.0,1.8989604339121338,1.384140945708333,-1.8748351615902343,0.49539846947352073,0.22795698815922313,1.6118931789355837,0.876804254226809,-0.19289897282059948,0.03584434339249345,0.1586293198034558,0.285855455987241,0.8505029489876808,1.4739091715896089,-0.6957610400187035,1.286599370515795,-0.5446622088996554,-0.0515221334118637,1.9835015244300789,0.517144822694523,1.4633745302501153,-0.4904019170386211,-1.0418226264001273
da2,-0.1879082303983461,-0.1728181628323158,-0.3206701227966127,-0.17586311452816292,-0.3517325026560076,3.792838475262506,-0.2441365376313497,5.175033004142179,-0.13150664608837004,-0.22524545469421003,-0.22959455978739257,-0.3232058579101167,-0.0020306965172746873,-0.07088812050083379,-0.15343224377184758,-0.12011416270764057,-0.38117640732904595,-0.2460063674141158,-0.3372923800046066,4.030680753384676,-0.33773199686345223,-0.21277862508442902,-0.20676766567910498,-0.11476596157913545,-0.24585643587786704,-0.2705619998306718,-0.2680971560569508,-0.2195860408817107,0.0,-0.2581691141730837,-0.22358490994620325,-0.33066281985137114,-0.28103125619157476,-0.2564633443902548,-0.17586311452816356,-0.25501475340612345,-0.18214401877933198,-0.19699021102503325,-0.30796672187397617,-0.2420633059414721,-0.2414062583671085,-0.22959455978739274,-0.13150664608836987,-0.22717430935012808,-0.24356115022372798,-0.18790823039834595,-0.21724069913979516,-0.24560222393820832,-0.26252051021607187,-0.22524545469421023,-0.18214401877933142
da3,-0.24828176658071227,2.8931004278099453,-0.4127396662482428,-0.2414062583671086,-0.5422436830818914,-0.37194774169639977,-0.34813929518883163,-0.23182057667122258,-0.24356115022372857,-0.3520911251045052,-0.3547197585897323,-0.4799490693316813,-0.07088812050083379,-0.038509154656979294,-0.19044534662682894,5.891883036371828,-0.5308588670243373,-0.36114989226386973,-0.4590148472703449,-0.35106053512714713,-0.48111048617613544,2.6142570547348973,-0.2810312561915747,-0.24356115022372873,2.2363860717145356,-0.34769831192879597,-0.3237629581862348,-0.3565517229866144,0.0,-0.39558398227596453,2.7492948762517413,-0.484114655771266,2.0828266010674774,-0.44507302934121873,-0.28103125619157476,-0.3481392951888317,-0.30212889698105605,-0.23246931631537296,-0.4207378103747399,-0.3237629581862344,-0.36078572483831906,-0.2766857855464307,-0.20145154833543283,-0.29324594533695736,-0.34274554353454867,-0.2705619998306717,-0.328367024355655,-0.37915514962828334,-0.3641208754355819,-0.32462797180098685,-0.2597933702191314
da4l,-0.40697150027501944,-0.4611362208023202,-0.6342313000379586,-0.38458297184080065,0.28543505184456486,-0.6039682632776612,-0.5137003722246354,-0.36600001973090135,2.4807531490243333,-0.48538830509646186,1.1096115976276852,0.6959157406395301,-0.15343224377184758,-0.19044534662682894,-0.05120727186538258,-0.2800560168056027,-0.8442125783862574,-0.6285101443750771,-0.6944499165680679,-0.5090728748318696,0.5155392622264641,-0.5135137287921052,-0.4468872687358965,-0.3069053856603041,-0.56360161694542,-0.5933040908458141,-0.559980245538821,-0.5521051311943755,0.0,-0.5931374341968232,1.6207516615196567,0.5537759099125951,1.0194989699969756,-0.7074276774572749,-0.46984952240025435,-0.5647674018871617,-0.435582377770268,-0.38651398990728036,-0.6795730870837914,-0.5313354518840624,-0.5813726644999551,-0.46721790639059174,2.906534651925791,-0.4713711198259037,1.4095530182730576,-0.4242019264785366,-0.515598221024963,-0.5856085469701264,-0.5778333494090909,-0.5200405279330157,-0.43214367196710507
da4m,-0.4572806689009701,1.8649977780174969,-0.6062758153585588,-0.3987613330135157,0.29621739072356457,-0.6008714654859626,-0.5614600251070654,-0.3744770285222047,-0.35826272709044155,-0.5555417637755704,1.3184178509834736,0.7745966692414898,-0.12011416270764057,5.891883036371828,-0.2800560168056027,-0.010521638072496479,-0.9022405449165773,-0.6301902204663227,-0.7071587749694748,-0.5405624776173348,-0.7479274020293762,1.4387913738486944,-0.42311604434225814,-0.3060286928884681,-0.5741007635267762,1.2055052714825005,-0.5045157837011955,3.160920263305852,0.0,-0.5772318383639314,-0.5175231099544464,-0.7257250649478948,1.036183467119876,0.8537395382056927,-0.4704656799723407,1.4600913144682608,-0.46177866351653346,-0.3695242088577813,-0.6851975897980551,1.404108311198831,-0.5713601593222075,-0.47442571851387894,-0.28559571520319255,-0.4996951033316063,-0.5712059469812196,-0.4101515562148013,1.3321996539080547,0.9961351281357307,3.0445560167104144,-0.4833682445228318,-0.4305589394446262
dc1,-1.2524564171191248,-1.2696658540743126,0.24955480232602648,-1.0723165176135134,-0.6035128994964531,-1.825174714652846,0.28798413108329945,0.6781806558899761,-1.0575687304564492,0.2066966176166433,0.6574453477662776,-0.7873010477179911,-0.38117640732904595,-0.5308588670243373,-0.8442125783862574,-0.9022405449165773,0.3629842959014711,-0.1872241013047417,-0.7927612226253807,0.3514195499974484,0.8262025670660352,-1.5606089507366012,3.4097737965660024,2.034675352349639,-0.04128302976387921,0.002874809752283968,-1.0161785097409115,-1.6393304992468258,0.0,-1.8384926875857852,-0.8027286486148191,-1.3916163362028755,2.4721550034228805,-0.010020563253653494,0.10719742026863444,0.8353414791218493,0.08638684255813574,-0.32779424590982176,1.946133681416976,1.041181118050909,1.3208082711951183,1.4167518631388518,-0.8763660413170765,-0.7648990235115128,1.5209211767570694,1.9062162278731936,1.782792143380205,2.59154490318924,-1.1887085716328003,-0.9104470067457663,-0.5536179242408117
dc2,-0.8718744099200432,-0.8713140302083849,-0.5164898808566317,-0.7703443846657662,-1.8163675231402614,-0.4041593258616738,-1.0744229089447361,-0.7789043068258817,0.7722249715085996,-0.26019710346117864,0.5251991374960924,-0.816826657265872,-0.2460063674141158,-0.36114989226386973,-0.6285101443750771,-0.6301902204663227,-0.1872241013047417,-0.275413937659191,1.2179797132106516,0.7333386589783736,-1.55789684468182,-0.1019611795618353,1.364160351604226,2.2134816477455073,1.3551053361846488,-1.240522550942236,0.6754279001004058,-0.19348377222912716,0.0,-0.3762231387269649,-1.0365916152159156,1.1485131608493462,-0.4998802770923438,0.0965080016426648,-0.9617322428525011,-1.1259723139646431,-0.9266499807207733,1.570167033949894,0.06259864962090017,0.8021702754906728,-0.3087765969041394,0.06942477609877692,-0.6339623562691956,2.0000112839215975,0.773641470550752,-0.8197974432940388,-0.14332231066627235,-1.2837094588467266,1.391861138818194,1.7650486171171398,1.3482747914373125
dc3,-0.10262937631601542,-0.08149845750118834,-0.9292557966886423,0.18645239521489973,-1.2252682387788574,-1.4978260797423066,-1.3433391611682033,-0.9370623798203954,1.3149885789914906,-0.6245758086466521,-0.026370099765029253,-0.023169688770875822,-0.3372923800046066,-0.4590148472703449,-0.6944499165680679,-0.7071587749694748,-0.7927612226253807,2.558628819661561,-0.08572450800323678,-0.5019835275726682,-0.24678881550146492,1.1520271733288694,-0.12973951937785344,-0.8050930187454998,-0.12919164852073237,-0.04693143122310878,-0.6364131105890034,-0.5730738497467256,0.0,1.2299320598962429,1.1709621610661378,0.9025664920988112,1.1289173728162025,0.18179267933707424,-0.21613183724170829,2.411709322606055,-1.1285267266552883,0.008048697056621508,0.15786297327765902,-1.320517603684576,-0.6305214304817317,-0.3049742577944194,-0.7646437495229019,0.4712042214317501,0.8808974379637634,-1.0685795659606252,0.3411905457662307,-0.2655102135933307,-0.055690001218392945,-0.5475201768558833,-0.170022229800887
dc4,-0.7402885539705786,0.5086427714588153,-0.30768051760527215,-0.659895564769883,0.3800981370144254,0.8079704714398639,0.0743482399455144,0.8221786020271339,-0.6078071500616046,-0.9694347838369554,-1.0555117200209094,0.23376267737749037,4.030680753384676,-0.35106053512714713,-0.5090728748318696,-0.5405624776173348,0.3514195499974484,0.7333386589783736,-0.5019835275726682,-0.057099741869273135,0.8266639486150645,1.3295271432900422,-0.7864837576396092,1.1941140364414882,-1.0242950394631662,-0.048456415082485084,-0.9581189284852536,0.06532299270551117,0.0,-0.13901582582787392,0.2168492662197904,-0.5565229719986206,-0.2269447384221247,-0.3521942329713881,0.4026066524912339,-0.9873155507893251,2.920078051009655,0.7512707996507064,0.4841608938924112,0.10571431401198458,-0.00826044386663847,-0.8608514508406213,-0.5150817775468335,0.18206200993100316,-0.9758133609928418,-0.7839998918699898,0.23167252357252616,0.6203046693809182,-1.0593136695036653,0.11853129955587459,-0.7401349177750352
dl1,-1.1316288298888786,-0.24668454298140458,-1.0737266217207648,-0.9901863756188589,-0.4695761257804437,-0.8912110120640391,-0.6427267688727609,0.0655281095570376,-0.8766812333116469,-0.02037329324967905,0.5362622510139552,-0.2553055299086943,-0.33773199686345223,-0.48111048617613544,0.5155392622264641,-0.7479274020293762,0.8262025670660352,-1.55789684468182,0.821561035154227,0.8266639486150645,0.13148578228078664,0.18275547925182023,-0.20614821643781428,-0.8417820028931616,0.4589673404180989,-0.8310505720119682,0.076728553705955,-0.6463384916092558,0.0,1.0397811687916927,0.2915720198928607,0.16268430194904882,-1.6605922743041008,0.020265240004096838,1.2935872822146455,1.5227739261823154,-0.29575224954530993,-0.9668717814694119,0.4859365460698265,0.133829802576282,1.34883576265631,1.2343623976202729,0.5640830083749102,-0.5303485991269884,-0.6559717413101127,-0.14116471814976964,-0.5382190338846795,0.948917383237679,-0.1546548319918835,0.12343989838180883,-1.150612777044365
dl2d,0.6380104335941733,1.9620551785725457,-0.2079620273742796,-0.6553529534397647,-1.538982225373522,0.0460723133680475,-0.8908552737116071,-0.6711933820990276,-0.5990532341913642,1.2459596546279061,-0.9943431934058066,-0.4643645463820283,-0.21277862508442902,2.6142570547348973,-0.5135137287921052,1.4387913738486944,-1.5606089507366012,-0.1019611795618353,1.1520271733288694,1.3295271432900422,0.18275547925182023,-0.02284007715811578,-0.7931210842648713,-0.5801814002833966,-1.0596614153426656,-1.0504355338011402,0.09961250701090804,2.3787128814079663,0.0,-0.05416600456500268,1.4648835159784594,1.8846800053884365,0.8038709928405544,-0.2438021586650943,0.46742082436596666,0.1299700502616539,0.46472141339922407,-0.6832357225873813,0.5470792019780617,-0.8818648483416082,0.10596362135406998,0.3656962652913207,-0.48518542478298493,-0.8569253556386909,-0.934130620598807,-0.7559423168533261,1.430558072280304,-0.11862775656023299,0.005012610044054401,-0.895680338480964,-0.725155053286235
dl3,-0.6918590948290108,-0.6332698189295147,-0.9376704091987464,-0.5316606678455208,1.0594498826392575,-0.8239474928217114,-0.7842178385412678,-0.5570896193442619,-0.533829648169009,-0.8074924227018467,-0.8412340056653579,-0.9843553716938482,-0.20676766567910498,-0.2810312561915747,-0.4468872687358965,-0.42311604434225814,3.4097737965660024,1.364160351604226,-0.12973951937785344,-0.7864837576396092,-0.20614821643781428,-0.7931210842648713,-0.018753795296642336,1.7487120557462474,1.474064415261311,-0.8686653584899469,-0.8035054744892789,0.4760756554053579,0.0,-0.8966654385477215,-0.7897850603805467,-1.0987558637617356,3.732255939022963,-0.957197284903138,-0.6596458574240495,1.659070722938528,0.7667289169313103,-0.6089856027801218,-0.01107288351789572,0.4926064024077894,0.35973898548803973,-0.7107325568171892,1.8273482390907267,0.619354874415495,1.6406946887871265,-0.6088032088058639,0.5409362975922258,0.19033462954588423,-0.7744144681138998,0.4599084928208591,0.8572341645850031
dl4,-0.4596146701546237,-0.491488182565623,-0.727070286942705,1.8420763255524597,-0.975935964652117,-0.670026261140923,-0.5773502691896228,-0.42260800072725957,-0.4020151261036866,1.0854323941717485,-0.636130884607317,-0.8038438112476316,-0.11476596157913545,-0.24356115022372873,-0.3069053856603041,-0.3060286928884681,2.034675352349639,2.2134816477455073,-0.8050930187454998,1.1941140364414882,-0.8417820028931616,-0.5801814002833966,1.7487120557462474,-0.12201238181010263,-0.6666607468184457,-0.6348208425072346,-0.6302041464784823,1.0329618028482315,0.0,-0.6650823085595626,-0.5270018250652415,0.367638252570809,0.7386906907504961,-0.7284819287927619,-0.5188148279612674,-0.5971997765473709,-0.47596309479130966,1.8701116586869826,0.5668822694927017,-0.6157980859929513,-0.595778062034263,-0.5379486195927312,-0.3068307480609619,1.3382702112959677,1.1553890981274964,-0.4974487287036897,-0.5419464271403218,-0.6847730319220385,-0.5791159924939622,-0.5946893190608942,-0.502518907629606
dl5,-0.8569869005079055,-0.8405203121152017,0.29533939740632775,-0.7384755858712005,-0.03377187965647788,-1.1731999204119987,-0.118383287895588,1.869612059270066,-0.6920136758044245,-1.0949125506745023,2.258972316237506,-1.4662916821345788,-0.24585643587786704,2.2363860717145356,-0.56360161694542,-0.5741007635267762,-0.04128302976387921,1.3551053361846488,-0.12919164852073237,-1.0242950394631662,0.4589673404180989,-1.0596614153426656,1.474064415261311,-0.6666607468184457,-0.04166302686758712,-0.32624872802899485,-1.1014730470056573,-0.13072953545405816,0.0,2.919629244332304,1.0242209793057295,0.5936963189489621,1.2865665894742067,0.15781540684233827,-0.9187004262675,-1.1093982628556014,0.2132409948376006,0.45152032809798126,0.8670870632605621,-1.0666535548610017,-0.19314314574557911,0.1370365610388132,-0.6327863848755026,-1.0090194409963198,1.7129905992790049,-0.825525490463128,-0.023935175586839736,-0.43890137573154653,-1.1394881355820194,-0.08778465357743671,0.21064469933496155
dm5,-0.8734166796267645,0.2997429343419666,2.5814449076399772,-0.7607511662486741,2.867516609600863,3.898780756763867,-0.07078140853192524,0.6860138008172038,0.7705701218651095,0.7813251728865251,0.6089293551276432,-0.7541384834484794,-0.2705619998306718,-0.34769831192879597,-0.5933040908458141,1.2055052714825005,0.002874809752283968,-1.240522550942236,-0.04693143122310878,-0.048456415082485084,-0.8310505720119682,-1.0504355338011402,-0.8686653584899469,-0.6348208425072346,-0.32624872802899485,-0.011928266698762475,1.6416462541997103,0.7617919599649485,0.0,-1.195876320710471,-1.0243601137166949,-0.8276442338002263,-1.2711230101654887,-0.5827582592736215,-0.8355741667124541,-1.1107319461284297,0.17951484354607922,0.5322615783997416,0.10549340143538086,-1.001920982549886,-0.24577153242614824,0.10230589759345537,-0.5883484054145515,-0.9468909655300354,-1.086454713166685,0.40319987181618067,-0.0632946117923125,-0.447784156739205,0.6147700805815485,-0.053048003638764385,-0.9105935927956307
dm6,1.6800578808678945,-0.8497459111262783,-0.34481032409948253,-0.712817350349439,0.25894291927715496,1.629695010624997,2.1152974590734734,-0.6863262101726119,0.9346576843857043,1.045784092015765,-1.01177979653149,-1.3124099697981557,-0.2680971560569508,-0.3237629581862348,-0.559980245538821,-0.5045157837011955,-1.0161785097409115,0.6754279001004058,-0.6364131105890034,-0.9581189284852536,0.076728553705955,0.09961250701090804,-0.8035054744892789,-0.6302041464784823,-1.1014730470056573,1.6416462541997103,-0.09964936896492603,-0.9806926926009385,0.0,-1.110080370934314,0.14024800369841192,0.1261924810737263,-1.149054914871361,-1.2371829575553785,0.30789505603264206,-0.08718378032861451,0.28742232389259276,-0.7531332188621617,-1.2617192702623754,-0.9497037049276491,-1.0526505785337514,-0.8784432171050125,-0.5258128556270811,0.16983994460034105,-0.9889175089937794,0.42110046761193787,0.16484217354968342,-0.24030232582400238,0.7678250344692661,0.08417798902689076,1.6944522681006933
dp1l,-0.7970138171797937,1.68937260680961,-0.28245192724054974,-0.7227797629977155,0.9550906926656944,1.7690868771475705,2.1406796795097986,0.8400420031502588,-0.6602625365610341,0.03038062307178578,-0.13359205795316678,-0.5754883729426684,-0.2195860408817107,-0.3565517229866144,-0.5521051311943755,3.160920263305852,-1.6393304992468258,-0.19348377222912716,-0.5730738497467256,0.06532299270551117,-0.6463384916092558,2.3787128814079663,0.4760756554053579,1.0329618028482315,-0.13072953545405816,0.7617919599649485,-0.9806926926009385,0.0020746050815658892,0.0,0.7194255243608759,1.3114253317737847,0.13001794901603778,0.6658630621240279,-0.3722591008295364,-0.8337040979380479,-1.0171927488492496,-0.8601495614752687,0.6755297524215195,1.190333551017201,0.03371721939476467,-0.0798992602059086,-0.8620580661640023,-0.5541407947082518,-0.9565466038580375,-1.0487208960404537,1.7084315633942657,0.13014456093881133,0.6598851903857458,0.8139284675355836,0.03494135167855545,0.4021544661491169
v,0.0,0.0,0.0,0.0,0.0,0.0,0.0,0.0,0.0,0.0,0.0,0.0,0.0,0.0,0.0,0.0,0.0,0.0,0.0,0.0,0.0,0.0,0.0,0.0,0.0,0.0,0.0,0.0,0.0,0.0,0.0,0.0,0.0,0.0,0.0,0.0,0.0,0.0,0.0,0.0,0.0,0.0,0.0,0.0,0.0,0.0,0.0,0.0,0.0,0.0,0.0
va1d,0.35890328001332306,0.1966481674406094,0.983020426759914,-0.7748735852663698,-0.640606484928122,-1.1502544743705352,1.7188045914967462,0.5368633310735856,-0.7198761258325556,0.673102821246754,-0.2830785504119947,1.8989604339121338,-0.2581691141730837,-0.39558398227596453,-0.5931374341968232,-0.5772318383639314,-1.8384926875857852,-0.3762231387269649,-0.14122965682197658,-0.13901582582787392,1.0397811687916927,-0.05416600456500268,-0.8966654385477215,-0.6650823085595626,1.2743042263935584,-1.195876320710471,-1.110080370934314,0.7194255243608759,0.0,-0.21783404140717313,1.923418246348202,-0.8630747015475148,-0.45960948085444503,0.1373691384572039,-0.9355106277932227,-0.18144638474379132,1.239600751028182,0.4227247102858862,0.9315877240164373,-0.09631426606617768,-0.2968316434830079,0.07952827145910564,-0.6068587578367529,1.0323889491014242,-0.24718683755979295,-0.872882949013763,-0.07627390962697896,0.36641191272511614,-0.34426518632954795,-1.049877954681778,-0.8984992135126494
va1v,0.74722038417348,0.6548654573495793,-1.1151464627421563,-0.6031940040452504,0.5336106300644888,-1.0067691944321993,-0.9095685443342403,-0.6265762898082249,1.1177732367946858,-0.8963200880642481,0.0825198279994154,1.384140945708333,-0.22358490994620325,2.7492948762517413,1.6207516615196567,-0.5175231099544464,-0.8027286486148191,-1.0365916152159156,1.1709621610661378,0.2168492662197904,0.2915720198928607,1.4648835159784594,-0.7897850603805467,-0.5270018250652415,1.0242209793057295,-1.0243601137166949,0.14024800369841192,1.3114253317737847,0.0,3.8860899262953468,-0.11848311726554125,-1.2429004598004678,0.8965281208790429,-0.23116097298048827,0.5745868674211286,0.2073845318888368,-0.7786501908029649,0.826450314941378,-0.26047186731940575,0.24552995689722004,1.15531880851374,-0.813586064937096,-0.5236296163519965,1.4697914364071365,-0.9540637759246283,0.6516403912273213,1.4550312724409182,-0.0758324931512812,1.2154191514732862,0.2597040162942289,-0.7511448217169985
va3,0.7845915825380132,-0.19711713131212769,-0.39133033859853916,-0.9402067134267892,0.6012087679708048,-0.8329042881362952,0.16275763756729036,-0.9520486399784253,-0.846050467925474,1.5019736260995677,0.5918661571516437,-1.8748351615902343,-0.33066281985137114,-0.484114655771266,0.5537759099125951,-0.7257250649478948,-1.3916163362028755,1.1485131608493462,2.0168461119738867,-0.5565229719986206,0.16268430194904882,1.8846800053884365,-1.0987558637617356,0.367638252570809,0.5936963189489621,-0.8276442338002263,0.1261924810737263,0.13001794901603778,0.0,-0.8630747015475148,-1.2429004598004678,0.08384902410784968,-0.2617743590662967,0.745848598982275,-1.1150904509657455,0.13687659678707714,-1.19797046068271,0.03157289403755673,-1.7880451345777293,-0.5451804789074787,-1.4941429785760127,-0.3508217591863956,-0.7181161362832128,-0.4132982913386208,1.5377933067943619,-1.08741070582079,-0.5014954248182608,-0.9413460076533426,-0.7404625114356408,1.062200048054687,1.653288894409067
va5,-0.8707017542205828,1.2013494889267453,-0.565165497175282,-0.7568563192111751,0.36841536350636983,0.3797218816655133,-1.0792445484905377,-0.7684191401727495,0.6550402173591335,0.6800152731320488,-0.3247033153367163,0.49539846947352073,-0.28103125619157476,2.0828266010674774,1.0194989699969756,1.036183467119876,2.4721550034228805,-0.4998802770923438,1.1289173728162025,-0.2269447384221247,-1.6605922743041008,0.8038709928405544,3.732255939022963,0.7386906907504961,1.2865665894742067,-1.2711230101654887,-1.149054914871361,0.6658630621240279,0.0,-0.45960948085444503,0.8965281208790429,-0.2617743590662967,-0.014022699866012131,-1.4134710926822505,0.07948538519775823,-0.3093914792367929,-0.9109870282607204,2.8854526634692825,-0.02473776239399336,-0.1981428484619895,0.5502918369865448,-0.014817570357700552,-0.6250559865113415,-1.0902419052857888,2.5120325568378044,-0.8966693349591095,1.7145585250659825,0.29359552377168796,-0.3660230520443391,1.8055159691939615,0.21821678584134646
va6,0.05771992313008899,-1.0036187614148329,1.4589062378914501,-0.8856399375803001,-0.9017287171354883,-1.372931945794658,-1.1942929927581123,0.3154077270690135,-0.7751631220801751,-0.40208521387212853,0.25319588317175273,0.22795698815922313,-0.2564633443902548,-0.44507302934121873,-0.7074276774572749,0.8537395382056927,-0.010020563253653494,0.0965080016426648,0.18179267933707424,-0.3521942329713881,0.020265240004096838,-0.2438021586650943,-0.957197284903138,-0.7284819287927619,0.15781540684233827,-0.5827582592736215,-1.2371829575553785,-0.3722591008295364,0.0,0.1373691384572039,-0.23116097298048827,0.745848598982275,-1.4134710926822505,-0.14252104271108113,-1.0529686375689666,1.1038511652201946,-0.0848943277863295,0.2522725469739565,-0.22497355964936847,-1.1587752819044859,0.3254114417180295,-1.08568125914284,-0.6811411063889997,-0.2093490159929154,0.4058434764088254,0.14213753690248024,1.4367731384641433,0.09231756917717397,0.27910072895771354,0.5035089063443886,-0.9837262191341871
va7l,-0.6425956214439861,2.2246360251624084,1.134196843879377,-0.6032970675626389,0.15983513879453348,-0.9072796147614943,-0.7849674906818266,-0.5886719404433531,-0.5137003722246356,-0.856660413756566,3.5075343779558312,1.6118931789355837,-0.17586311452816356,-0.28103125619157476,-0.46984952240025435,-0.4704656799723407,0.10719742026863444,-0.9617322428525011,-0.21613183724170829,0.4026066524912339,1.2935872822146455,0.46742082436596666,-0.6596458574240495,-0.5188148279612674,-0.9187004262675,-0.8355741667124541,0.30789505603264206,-0.8337040979380479,0.0,-0.9355106277932227,0.5745868674211286,-1.1150904509657455,0.07948538519775823,-1.0529686375689666,-0.05038290317562118,0.2973630939769339,0.7243636117297619,-0.6032812588453458,-0.08711196727919954,0.39933566338415244,0.3110866261592115,0.580779237232773,-0.48292506172424776,-0.7474805987521912,1.5396854557558688,-0.6652472186403343,0.4814562833147132,1.1614699877646983,-0.9089729585627454,-0.8090311310636983,0.8500566712242777
va7m,-0.7824549410347431,-0.8393964046657693,0.4954405261150929,0.7415973777268413,-1.0122280714653638,-0.13543848701702002,-0.9916050476808244,-0.7058584479756136,0.9849073589979956,-0.04158138668752169,1.784241315280188,0.876804254226809,-0.25501475340612345,-0.3481392951888317,-0.5647674018871617,1.4600913144682608,0.8353414791218493,-1.1259723139646431,2.411709322606055,-0.9873155507893251,1.5227739261823154,0.1299700502616539,1.659070722938528,-0.5971997765473709,-1.1093982628556014,-1.1107319461284297,-0.08718378032861451,-1.0171927488492496,0.0,-0.18144638474379132,0.2073845318888368,0.13687659678707714,-0.3093914792367929,1.1038511652201946,0.2973630939769339,-0.07092011253979927,-0.8470680700843272,-0.7490016215533182,-1.2889374226405028,-1.0138344422556276,-0.02453369133156918,0.20248227479491082,-0.5210920107601472,1.407315032394198,1.0864986645187056,-0.7377598759485838,1.216726142270896,-0.2758730200374763,-1.123839091468171,-0.9540622204474352,-0.8263671041923438
vc1,-0.6833153564820583,-0.656973305219456,1.0650050556115234,-0.5838919393788483,0.9351086832963452,0.22297589491871986,1.6968453259573995,-0.5846096078976971,-0.536816575908941,-0.8493956383494384,-0.9068282825186771,-0.19289897282059948,-0.18214401877933198,-0.30212889698105605,-0.435582377770268,-0.46177866351653346,0.08638684255813574,-0.9266499807207733,-1.1285267266552883,2.920078051009655,-0.29575224954530993,0.46472141339922407,0.7667289169313103,-0.47596309479130966,0.2132409948376006,0.17951484354607922,0.28742232389259276,-0.8601495614752687,0.0,1.239600751028182,-0.7786501908029649,-1.19797046068271,-0.9109870282607204,-0.0848943277863295,0.7243636117297619,-0.8470680700843272,-0.053805159209263057,1.0234005555521672,-0.09765814967607739,-0.7762776238198882,-0.8513935465109344,-0.706380425801016,-0.4637177395906299,-0.7787309478378909,0.3831501910348633,1.009234122065876,-0.7945452945824905,-0.9979884408380737,0.2331858893346408,1.6040859441006767,-0.6628571696682459
vc2,-0.5700692492430961,-0.6181773420358173,0.3106400000967131,1.4135172951635673,-1.2045961604529278,0.466581657081073,0.7429885842767767,-0.5199710497945352,1.6901017679930288,0.6316761657092361,-0.7797000960650573,0.03584434339249345,-0.19699021102503325,-0.23246931631537296,-0.38651398990728036,-0.3695242088577813,-0.32779424590982176,1.570167033949894,0.008048697056621508,0.7512707996507064,-0.9668717814694119,-0.6832357225873813,-0.6089856027801218,1.8701116586869826,0.45152032809798126,0.5322615783997416,-0.7531332188621617,0.6755297524215195,0.0,0.4227247102858862,0.826450314941378,0.03157289403755673,2.8854526634692825,0.2522725469739565,-0.6032812588453458,-0.7490016215533182,1.0234005555521672,-0.042905508059194145,-0.9156119113350705,-0.6846793485809043,0.5869304250101705,-0.6476629210117387,-0.3978495151318965,0.7985644270301852,0.6361035415188798,-0.5503541837944896,-0.6910022510748733,1.5887095954599122,0.48631366639335993,0.8113663358194795,-0.5928454621137432
vc3l,1.081931159255457,-0.9719010809698799,0.5795572418427426,0.3299245750159845,-0.5376843843567226,0.9331589411325666,0.45395416187769344,2.6403086916505982,0.45238904664524887,-1.2372149414537914,-0.5865669085413677,0.1586293198034558,-0.30796672187397617,-0.4207378103747399,-0.6795730870837914,-0.6851975897980551,1.946133681416976,0.06259864962090017,0.15786297327765902,0.4841608938924112,0.4859365460698265,0.5470792019780617,-0.01107288351789572,0.5668822694927017,0.8670870632605621,0.10549340143538086,-1.2617192702623754,1.190333551017201,0.0,0.9315877240164373,-0.26047186731940575,-1.7880451345777293,-0.02473776239399336,-0.22497355964936847,-0.08711196727919954,-1.2889374226405028,-0.09765814967607739,-0.9156119113350705,-0.1557748969698013,-0.3920600489945281,0.294376511712812,-0.1644770745894628,-0.6916063426377171,0.629057292110901,0.3749096071900689,1.046221634455771,0.4549114729157648,-0.6937131902342567,-0.5778887374694439,-0.38823614983358556,-1.0154848222437225
vc3m,-0.7808305968715229,-0.7528411358800399,-0.2729442568277324,0.8387080909376523,2.34497670467983,-0.10466673713544077,0.1340841428672062,-0.6181201190106183,-0.6228787089449845,2.2133125767503574,-0.97726758191521,0.285855455987241,-0.2420633059414721,-0.3237629581862344,-0.5313354518840624,1.404108311198831,1.041181118050909,0.8021702754906728,-1.320517603684576,0.10571431401198458,0.133829802576282,-0.8818648483416082,0.4926064024077894,-0.6157980859929513,-1.0666535548610017,-1.001920982549886,-0.9497037049276491,0.03371721939476467,0.0,-0.09631426606617768,0.24552995689722004,-0.5451804789074787,-0.1981428484619895,-1.1587752819044859,0.39933566338415244,-1.0138344422556276,-0.7762776238198882,-0.6846793485809043,-0.3920600489945281,-0.2474338033780851,0.9700613022757085,0.31936889010635666,-0.5149983249444006,0.2131528391104305,-0.9254886369724601,0.6255432421712235,1.2305526274832475,1.6520040651711994,-0.11158478444805499,-0.9452372191375399,-0.7851695932669429
